128
126
135
129
131
129
130
134
126
120
127
131
129
127
123
121
130
133
125
133
121
123
135
124
127
127
131
136
125
123
120
124
130
122
123
131
129
125
127
121
135
132
131
121
122
127
129
128
55
68
126
135
132
123
131
131
130
129
124
121
136
134
131
127
131
120
130
54
40
35
60
131
128
129
127
130
123
127
134
134
131
132
124
128
132
130
80
70
80
32
20
55
135
131
131
133
128
130
133
126
132
134
135
132
128
125
155
170
145
30
22
21
50
50
62
68
65
60
70
50
126
133
124
135
135
123
172
200
175
20
20
21
32
32
30
25
32
25
20
20
124
136
135
123
82
80
145
170
165
23
25
22
20
3
1
2
8
5
10
0
129
134
121
127
75
60
23
23
23
23
20
20
32
32
20
20
25
20
30
25
124
130
123
131
55
50
21
22
20
22
21
20
50
50
62
68
65
60
70
50
120
122
120
122
40
22
15
20
23
22
21
60
126
121
121
134
127
131
122
127
133
132
120
42
20
10
20
38
22
20
62
121
121
130
126
127
131
136
132
122
133
133
43
25
0
22
35
55
62
65
125
123
135
122
135
121
127
129
120
129
123
47
21
2
25
48
123
121
124
128
129
123
136
124
129
128
126
124
130
129
50
22
5
21
45
124
135
130
136
120
127
122
126
128
125
131
132
135
122
124
22
4
23
50
134
130
130
135
132
123
135
133
136
129
126
132
134
128
128
121
2
21
48
123
124
129
129
125
129
135
124
126
128
134
122
128
128
130
121
120
24
45
123
135
133
136
123
125
135
121
130
120
132
135
122
132
129
123
130
130
50
132
130
127
130
124
129
128
120
135
133
134
130
128
135
123
129
120
125
134
133
127
123
127
136
123
121
128
128
124
134
128
124
120
133
135
125
124
136
120
